0,000000	0,000000
0,088140	0,000000
0,129290	0,000000
0,179890	0,000000
0,233123	0,000000
0,290299	0,000000
0,341992	0,000000
0,394808	0,000000
0,445431	0,000000
0,500980	0,000000
0,564976	0,000000
0,618310	0,000000
0,674541	0,000000
0,725518	0,000000
0,790342	0,000000
0,895965	0,000000
1,002335	0,000000
1,108779	0,000000
1,212163	0,000000
1,316177	0,000000
1,424148	0,000000
1,529468	0,000000
1,635483	0,000000
1,739457	0,000000
1,844971	13,000000
1,952150	13,000000
2,057674	13,000000
2,162482	13,000000
2,266838	13,000000
2,374388	13,000000
2,475110	13,000000
2,582889	13,000000
2,688075	13,000000
2,794498	13,000000
2,896697	13,000000
3,006223	13,000000
3,111889	13,000000
3,214098	13,000000
3,320834	13,000000
3,427353	13,000000
3,533872	13,000000
3,638882	13,000000
3,741894	13,000000
3,849081	13,000000
3,954831	13,000000
4,058265	13,000000
4,162827	13,000000
4,272048	13,000000
4,372503	13,000000
4,477731	13,000000
4,586325	13,000000
4,692296	13,000000
4,797251	13,000000
4,904016	13,000000
5,007724	13,000000
5,109600	13,000000
5,210792	13,000000
5,310848	13,000000
5,414454	13,000000
5,516639	13,000000
5,617762	13,000000
5,716889	13,000000
5,822846	13,000000
5,919447	13,000000
6,022367	13,000000
6,125960	13,000000
6,228932	13,000000
6,324723	13,000000
6,428300	13,000000
6,529469	13,000000
6,641603	13,000000
6,744488	13,000000
6,849493	13,000000
6,951758	13,000000
7,055073	13,000000
7,157793	13,000000
7,257388	13,000000
7,358465	13,000000
7,460838	13,000000
7,563815	13,000000
7,661139	13,000000
7,763556	13,000000
7,866856	13,000000
7,968241	13,000000
8,065896	13,000000
8,169459	13,000000
8,276500	13,000000
8,386242	13,000000
8,491902	13,000000
8,597982	13,000000
8,704346	13,000000
8,812790	13,000000
8,923761	13,000000
9,029004	13,000000
9,134144	13,000000
9,242362	13,000000
9,348147	13,000000
9,454980	13,000000
9,564433	13,000000
9,673390	13,000000
9,779366	13,000000
9,886563	13,000000
9,992198	13,000000
10,102129	13,000000
10,208444	13,000000
10,316692	0,000000
10,422534	0,000000
10,529363	2,170000
10,633487	8,670000
10,744792	10,830000
10,851817	13,000000
10,957055	4,330000
11,065754	0,000000
11,167426	0,000000
11,279031	8,670000
11,385550	13,000000
11,491352	13,000000
11,595796	0,000000
11,698306	0,000000
11,801903	0,000000
11,906915	13,000000
12,013598	13,000000
12,118259	0,000000
12,218296	0,000000
12,325543	2,170000
12,432337	13,000000
12,539059	13,000000
12,640213	0,000000
12,743985	0,000000
12,849008	2,170000
12,956984	13,000000
13,063523	13,000000
13,164382	0,000000
13,268358	0,000000
13,374275	0,000000
13,482740	13,000000
13,586723	13,000000
13,691578	0,000000
13,791076	0,000000
13,893463	13,000000
13,998659	13,000000
14,100896	13,000000
14,207764	0,000000
14,313319	0,000000
14,418939	0,000000
14,524967	0,000000
14,627854	0,000000
14,734046	0,000000
14,841446	0,000000
14,947577	0,000000
15,054760	0,000000
15,159890	0,000000
15,263316	0,000000
15,369946	0,000000
15,476281	0,000000
15,582353	0,000000
15,687403	0,000000
15,794710	0,000000
15,898542	0,000000
16,003901	0,000000
16,111243	0,000000
16,215570	0,000000
16,322628	0,000000
16,429745	0,000000
16,538102	0,000000
16,642624	0,000000
16,745338	0,000000
16,850442	0,000000
16,957665	0,000000
17,065685	0,000000
