0,000000	70,000000	0,000000
0,106710	69,640000	0,000000
0,214061	69,910000	0,000000
0,319730	70,180000	0,000000
0,425833	70,090000	0,000000
0,532096	69,450000	0,000000
0,638440	70,180000	0,000000
0,746481	71,450000	0,000000
0,847507	70,550000	0,000000
0,954353	70,640000	0,000000
1,061153	69,730000	0,000000
1,167262	69,640000	0,000000
1,273459	69,910000	0,000000
1,382098	69,360000	0,000000
1,483025	69,730000	0,000000
1,589463	69,450000	0,000000
1,696189	69,640000	0,000000
1,801980	69,820000	0,000000
1,910061	70,270000	0,000000
2,017256	70,730000	0,000000
2,118354	70,000000	0,000000
2,223552	69,730000	0,000000
2,332080	70,640000	0,000000
2,437418	70,550000	0,000000
2,543962	70,730000	0,000000
2,649937	70,640000	0,000000
2,752675	71,180000	0,000000
2,858513	70,090000	0,000000
2,965728	70,270000	0,000000
3,071564	70,360000	0,000000
3,178174	70,090000	0,000000
3,285017	69,820000	0,000000
3,391086	58,000000	0,000000
3,498045	27,450000	13,000000
3,599775	10,820000	13,000000
3,707922	14,550000	13,000000
3,813232	14,910000	13,000000
3,915485	13,270000	13,000000
4,021881	7,450000	13,000000
4,126377	5,910000	13,000000
4,230967	3,640000	13,000000
4,338384	2,300000	13,000000
4,444868	1,120000	13,000000
4,547660	1,400000	13,000000
4,651701	1,400000	13,000000
4,758884	3,450000	13,000000
4,865455	4,910000	13,000000
4,968949	5,640000	13,000000
5,074633	6,360000	13,000000
5,180715	7,450000	13,000000
5,287587	8,180000	13,000000
5,393790	8,090000	13,000000
5,500359	7,820000	13,000000
5,606667	10,000000	13,000000
5,710709	11,820000	13,000000
5,815465	15,910000	13,000000
5,922338	17,360000	13,000000
6,028793	19,360000	13,000000
6,130892	21,180000	13,000000
6,239747	22,550000	13,000000
6,345692	23,910000	13,000000
6,450643	26,820000	13,000000
6,556867	27,270000	13,000000
6,666831	29,270000	13,000000
6,767201	33,900000	13,000000
6,868661	34,500000	13,000000
6,972329	36,300000	13,000000
7,073191	37,600000	13,000000
7,170709	35,700000	13,000000
7,273671	34,400000	13,000000
7,376148	34,100000	13,000000
7,479867	37,200000	13,000000
7,581055	38,300000	13,000000
7,683199	37,300000	13,000000
7,789856	38,000000	13,000000
7,898301	38,500000	13,000000
8,002759	38,000000	13,000000
8,109159	38,000000	13,000000
8,215995	38,900000	13,000000
8,319001	37,100000	13,000000
8,421130	37,300000	13,000000
8,522890	38,000000	13,000000
8,625326	36,800000	13,000000
8,728336	37,200000	13,000000
8,828032	36,200000	13,000000
8,929689	35,900000	13,000000
9,031615	36,300000	13,000000
9,133858	36,000000	13,000000
9,236670	36,100000	13,000000
9,337925	34,900000	13,000000
9,441812	36,500000	13,000000
9,543371	38,000000	13,000000
9,648917	39,900000	13,000000
9,759893	41,400000	13,000000
9,866839	42,200000	13,000000
9,972476	46,200000	8,670000
10,078364	48,700000	4,330000
10,186644	48,300000	4,330000
10,297505	48,300000	4,330000
10,402368	47,600000	6,500000
10,508389	47,800000	6,500000
10,618874	47,700000	6,500000
10,727296	45,200000	10,830000
10,828137	43,300000	13,000000
10,932254	40,900000	13,000000
11,033336	40,700000	13,000000
11,136867	41,600000	13,000000
11,241221	41,200000	13,000000
11,349880	42,900000	13,000000
11,456227	41,900000	13,000000
11,557665	41,300000	13,000000
11,665317	40,000000	13,000000
11,770018	39,700000	13,000000
11,872659	39,600000	13,000000
11,979403	37,800000	13,000000
12,085903	38,600000	13,000000
12,191625	38,200000	13,000000
12,298767	37,500000	13,000000
12,405344	38,800000	13,000000
12,511775	41,300000	13,000000
12,624325	42,500000	13,000000
12,729183	41,500000	13,000000
12,834421	39,400000	13,000000
12,942882	38,700000	13,000000
13,048773	40,200000	13,000000
13,155565	42,300000	13,000000
13,266452	42,300000	13,000000
13,373655	41,100000	13,000000
13,479001	40,400000	13,000000
13,581347	38,100000	13,000000
13,682663	37,700000	13,000000
13,789254	37,700000	13,000000
13,897483	36,200000	13,000000
14,002572	33,300000	13,000000
14,108691	37,100000	13,000000
14,214921	39,200000	13,000000
14,323299	39,600000	13,000000
14,431884	39,600000	13,000000
14,538656	40,600000	13,000000
14,645568	40,900000	13,000000
14,757509	41,300000	13,000000
14,862424	39,800000	13,000000
14,969195	40,100000	13,000000
15,074895	43,200000	13,000000
15,181519	43,600000	13,000000
15,292510	42,300000	13,000000
15,394890	48,700000	4,330000
15,501004	59,670000	0,000000
15,613712	56,400000	0,000000
15,718504	37,100000	13,000000
15,824879	36,100000	13,000000
15,927550	37,000000	13,000000
16,039126	37,100000	13,000000
16,144351	36,900000	13,000000
16,251830	38,100000	13,000000
16,359159	52,330000	0,000000
16,461013	56,000000	0,000000
16,567917	38,400000	13,000000
16,668688	35,100000	13,000000
16,775009	56,560000	0,000000
16,879068	57,330000	0,000000
16,984846	36,700000	13,000000
17,093917	36,000000	13,000000
17,197718	52,110000	0,000000
17,299017	57,560000	0,000000
17,407524	39,000000	13,000000
17,517566	36,000000	13,000000
17,631753	45,300000	10,830000
17,736796	57,330000	0,000000
17,837102	56,670000	0,000000
17,941828	40,700000	13,000000
18,054697	35,000000	13,000000
18,159296	52,110000	0,000000
18,257211	57,780000	0,000000
18,367310	40,100000	13,000000
18,474326	34,300000	13,000000
18,582151	33,300000	13,000000
18,687042	34,100000	13,000000
18,797853	58,000000	0,000000
18,900656	59,110000	0,000000
19,008437	36,800000	13,000000
19,111342	30,400000	13,000000
19,215893	40,180000	13,000000
19,323324	57,090000	0,000000
19,428998	65,270000	0,000000
19,534792	70,450000	0,000000
19,642723	68,730000	0,000000
19,744503	70,000000	0,000000
19,849908	69,450000	0,000000
19,957150	70,000000	0,000000
20,064545	69,090000	0,000000
20,172031	70,180000	0,000000
20,275852	70,000000	0,000000
20,379651	69,360000	0,000000
20,485524	70,090000	0,000000
20,592596	69,820000	0,000000
20,698397	70,180000	0,000000
20,805326	69,270000	0,000000
20,912198	69,910000	0,000000
21,013421	68,640000	0,000000
21,119643	69,550000	0,000000
21,226511	70,640000	0,000000
